467100805912835607085647192296351470708920351531408926073064510624519783159783064
467192835912835647385647192296351478748926351531478926873264519624519783159783264
13
0
4m
0.072651
006513000001904036302060010063000000480070390009030065000007050000640000657001920
896513247571924836342768519263459781485176392719832465134297658928645173657381924
47
0
9m
0.096766
100560930039000006050000000010648579400795012000123864500200148300401600800956003
182564937739812456654379281213648579468795312975123864596237148327481695841956723
39
0
4m
0.078574
000900000000020030200541608890370500027068190600090000102000040004600820365004000
718936452456827931239541678891372564527468193643195287182759346974613825365284719
48
0
9m
0.087774
230080509040003060900015023700190058089072000000048790004060900010009004690050201
231687549845923167967415823723196458489572316156348792374261985512839674698754231
44
0
9m
0.081453
000300840002781600108006037025003108070068004806004970784019350509842016261037489
697325841342781695158496237425973168973168524816254973784619352539842716261537489
32
0
9m
0.092267
100060380600845020007000000009106800030780400005032001908000060050200094742003500
124967385693845127587321649479156832231789456865432971918574263356218794742693518
47
0
1m
0.085267
230408056507000000000100002006840500340015700700309000000060000002700089000000140
231478956567293814894156372126847593349615728785329461918564237452731689673982145
52
0
9m
0.092972
080006900302049000410870052000654709940100005007032461020060090000000240690001000
785216934362549817419873652231654789946187325857932461524768193178395246693421578
45
0
9m
0.085531
002400890070010000600030500569203780400601020020079346700320000290106400054790263
312465897975812634648937512569243781437681925821579346786324159293156478154798263
40
0
9m
0.080299
000001200245000096100542783692750008457083629081090075073618942800400530924375861
738961254245837196169542783692754318457183629381296475573618942816429537924375861
27
0
4m
0.07541
208000941605149823410328067523690184960481352841253706752906430384572619196834200
238765941675149823419328567523697184967481352841253796752916438384572619196834275
14
0
4m
0.075349
200000008010825700506370400008007910003050000900063500000504076009002100005001800
297416358314825769586379421658247913173958642942163587831594276469782135725631894
49
0
9m
0.091025
980000010031000290025000000590008600403002905000309741846020359000436072000890000
984263517731584296625917438597148623413672985268359741846721359159436872372895164
44
0
9m
0.07942
400713600007080450800406009005140800000005010701208000906000000500029041034870000
459713628167982453823456179395147862682395714741268935916534287578629341234871596
47
0
9m
0.08634
078506039000400080500897206060008073000900020400005600392704860100080000006030950
278516439619423785534897216965248173783961524421375698392754861157689342846132957
45
0
9m
0.083239
864103900192000380000090020000000000009041006308060400600019508981457203057080100
864123957192675384735894621416538792529741836378962415643219578981457263257386149
43
0
9m
0.083706
007006005000200000004800217000030090070000056800650732000003000020080100003700089
287316945915274368634895217562437891371928456849651732798163524426589173153742689
53
0
9m
0.097383
400060170005080003700201000006908002080000036190003700000705260002000040039140580
428369175915487623763251894356978412287514936194623758841735269572896341639142587
48
0
1m
0.081551
109436020040005600568091070317809006004600190956072004092300045000928760781064002
179436528243785619568291473317849256824653197956172384692317845435928761781564932
34
0
9m
0.075771
701825900960074302800960010400250809527000040098000520689732450053090078000010003
731825964965174382842963715416257839527389146398641527689732451153496278274518693
37
0
9m
0.073752
403000090200000108005109042040050086380000050050060730000013000028004000500780020
413628597279435168865179342147352986386947251952861734694213875728594613531786429
50
0
9m
0.099642
760000320003178090809623015100904002305000040482050670930200057010039084504000003
761495328253178496849623715176984532395762841482351679938246157617539284524817963
39
0
9m
0.075745
008190600340200700900007305000906050100350000605740023409000030281004976500800200
758193642346285791912467385834926157127358469695741823479612538281534976563879214
44
0
9m
0.07992
007900024506000300400003090000098050809007006000001980600000501985000470710200809
137985624596742318428613795361498257859327146274561983642879531985136472713254869
48
0
9m
0.095433
004538017067902053503006094706425038300769002052301006609203781870694320235817409
924538617167942853583176294796425138318769542452381976649253781871694325235817469
25
0
4m
0.072049
100503690520019000300400701030107905000908310601350078000670203067000040210004000
174583692526719834389426751438167925752948316691352478945671283867235149213894567
43
0
9m
0.080215
807010200310000060052040000080001607000857910070002000501600030090130000743020000
867913245314285769952746381485391627236857914179462853521679438698134572743528196
49
0
9m
0.097511
007160002300007059000500704809000000000251000105090340700000090001942000034700621
597164832346827159218539764869473215473251986125698347752316498681942573934785621
48
0
9m
0.08826
050320769640578020032100805526001937300700050987653410475000283293045176108237594
851324769649578321732169845526481937314792658987653412475916283293845176168237594
24
0
9m
0.069078
000013002072500000391700000005139084400200100000040005004070008060480090700900243
546813972872596431391724856625139784437258169189647325954372618263481597718965243
48
0
9m
0.087921
057200604428769053000514200284900760671025049005476820800390500792050430013040978
157283694428769153369514287284931765671825349935476821846397512792158436513642978
29
0
9m
0.075587
728195634436872159951043820509431760004720985060008410640587391100264578075319240
728195634436872159951643827589431762314726985267958413642587391193264578875319246
17
0
4m
0.068779
028006007704010005000703006001030004296400500007000908100004032682071400500892070
328956147764218395915743286851639724296487513437125968179564832682371459543892671
44
0
9m
0.084747
530200040764900012208000000800100030900057001050803900000000493042009000005700260
539218746764935812218674359876192534923457681451863927187526493642389175395741268
48
0
9m
0.087341
080430700040006381307000400002100649001000238006080510900800000000900073500710964
685431792249576381317298456832157649751649238496382517973864125164925873528713964
45
0
9m
0.085208
092008040030405000456029378500010407641037500009050810300201050000580000005793180
192378645837465291456129378583912467641837529729654813378241956914586732265793184
40
0
9m
0.07945
312698400754231090986475231069784352807052010520906084435129007678543020090867503
312698475754231698986475231169784352847352916523916784435129867678543129291867543
19
0
4m
0.075802
000305004000006100000492000500604910100927508007800040705208430304000005062040700
276315894439786152851492376528634917143927568697851243715268439384179625962543781
46
0
9m
0.092434
259176384716483905843529671098612703102347850437958216984265107371894562625031498
259176384716483925843529671598612743162347859437958216984265137371894562625731498
7
0
4m
0.064231
003005400108402059470030182500241803307000021281007540009000238830720000600053004
923185467168472359475936182596241873347568921281397546759614238834729615612853794
38
0
9m
0.085603
380100002094003001206005000030000007000937018400200300105072890903080176748001050
387169542594723681216845739831456927652937418479218365165372894923584176748691253
43
0
9m
0.077667
159000800204080690600400523400028706965740230800600410020004385000002060000805002
159236847234587691687419523413928756965741238872653419726194385598372164341865972
41
0
9m
0.099965
910000280600090001840010035004000302780402000203600870068104597000087003071003408
917345286635298741842716935154879362786432159293651874368124597429587613571963428
42
0
9m
0.0766
700000005023095000409720300604009500300508070015670039930250807000004050000900003
768413295123895764459726318674139582392548176815672439936251847287364951541987623
46
0
9m
0.089992
072010860610700904340200000000850042807600195000193006106320070790006001080500030
572914863618735924349268517961857342837642195425193786156329478793486251284571639
42
0
9m
0.077034
568790124793120560104560093280635947605907281947081635070419852852376419419852306
568793124793124568124568793281635947635947281947281635376419852852376419419852376
13
0
4m
0.06788
038700941270914350400385706780649135904103072015807094857096403140578260029401087
538762941276914358491385726782649135964153872315827694857296413143578269629431587
22
0
4m
0.066588
004026518805100000021078943003059827007002400058740090030080709780291050509000002
374926518895134276621578943413659827967812435258743691132485769786291354549367182
38
0
9m
0.080881
000038702001002950270500300163780290529061074487920631008049000356817429042653080
695138742831472956274596318163784295529361874487925631718249563356817429942653187
29
0
4m
0.071342
060090043049005000000620019200540080010038790007109402070052060001000000905010078
562791843149385627738624519293547186416238795857169432374852961681973254925416378
46
0
9m
0.087904
300001509000009276070000010058000001034506080010000050093105027100002005500603100
362871549481359276975264318258937461734516982619428753893145627146792835527683194
48
0
9m
0.099734
740009053000370010000600080805006000000530200004007895009702008102863970600900021
741289653286375419593641782825496137917538246364127895439712568152863974678954321
45
0
9m
0.083371
700000403409605217030200800608000905053000040210009368096028170500074600804090502
762981453489635217135247896648713925953862741217459368396528174521374689874196532
40
0
9m
0.076847
354076002010209345829530701143027580000410076200958004405361927631792450972845603
354176892716289345829534761143627589598413276267958134485361927631792458972845613
22
0
4m
0.068618
098712360000600008604000200460005019179000580003100002306901400000274806200060100
598712364721643958634589271462835719179426583853197642386951427915274836247368195
43
0
4m
0.083095
002400081009050430006800972700105008008694300095008014980043060050006103200017000
372469581819752436546831972734125698128694357695378214981243765457986123263517849
42
0
9m
0.086032
382907001015800007009010032006104200920700610104000090051460020290570406407320000
382947561615832947749615832536194278928753614174286395851469723293571486467328159
40
0
9m
0.080322
080902030000005720000003458200000510500728396360000280006280970030500042004397005
485972631613845729792163458278639514541728396369451287156284973937516842824397165
42
0
4m
0.082206
876912043291543768054768002502607189763189425018420637429356871635801004187004356
876912543291543768354768912542637189763189425918425637429356871635871294187294356
13
0
4m
0.067895
378000005961400020004031890700152684002004000105008072010047003537200018406803709
378629145961485327254731896793152684682974531145368972819547263537296418426813759
37
0
9m
0.080011
405923007693040012708156034582390006309071040174562800956080321041035769237610458
415923687693748512728156934582394176369871245174562893956487321841235769237619458
22
0
9m
0.075567
807009000305000460200156030002670800000004052439080000600005001008401070070200903
867349125315827469294156738152673894786914352439582617643795281928431576571268943
47
0
1m
0.085032
709302584300080176804501329020007003030000042007206051003709010178603295096158037
719362584352984176864571329925417863631895742487236951543729618178643295296158437
32
0
9m
0.076206
306879010400063879007004063640027081732981050098456327803095042064038195019040738
326879514451263879987514263645327981732981456198456327873195642264738195519642738
25
0
4m
0.073118
290000600305000040000080079507192400620000900080746000000000105062504700000370000
298437651375961842416285379537192486624853917189746523743628195962514738851379264
50
0
9m
0.095853
605802374201340960000956000910078036356000480000560002509780640108630050460000008
695812374281347965734956821912478536356129487847563192529781643178634259463295718
37
0
4m
0.07926
007000450610004980000180307000006025030800000200905700706030010091700840408090200
987263451613574982542189367879346125135827694264915738726438519391752846458691273
47
0
1m
0.07932
050209310000400000900008050560140823203085046040000001006504182080090600000000009
658279314172453968934618257569147823213985746847326591796534182481792635325861479
47
0
9m
0.093617
000200674340000500802004003900702005600540000250080009020010906539000017700095208
195238674346971582872654193913762845687549321254183769428317956539826417761495238
45
0
9m
0.082587
467000000932780600850000742009000051100076200024195867210307008503260174740050306
467512983932784615851639742679823451185476239324195867216347598593268174748951326
35
0
9m
0.076165
628479315479531286531608704386294157710386042294715803040957631103802579957100428
628479315479531286531628794386294157715386942294715863842957631163842579957163428
11
0
4m
0.071427
410209005056870000207050918300690001890020070602318040120705096760903050589002437
418239765956871324237456918345697281891524673672318549123745896764983152589162437
34
0
9m
0.077383
090603700000274189000800320930508600206030500080000902015302000028095060000001050
892613745653274189174859326931528674246937518587146932415362897328795461769481253
45
0
9m
0.082367
000250607320016040000000020580300002670008304000600900800105000730060401000070853
918254637327916548456783129589341762672598314143627985894135276735862491261479853
48
0
9m
0.091372
006020197037004285000701300021003040004089730370010002900847520080165070060930008
546328197137694285298751364821573649654289731379416852913847526482165973765932418
39
0
9m
0.077795
900000003000800000050300690239700010604000007100906080040000109501070062062189400
918657243326894751457312698239748516684531927175926384843265179591473862762189435
48
0
9m
0.096744
000074000256890710041020900624080000073000059095007600060000000009746020080001406
938174265256893714741625983624589137173462859895317642467258391319746528582931476
46
0
4m
0.081845
745891200019462000000735000001247600004180500273900401096004800000000325130508004
745891236319462758628735149851247693964183572273956481596324817487619325132578964
39
0
9m
0.082062
030000500092300000750000143020584000000709000905060480570028910001007300800135002
138476529492351876756892143327584691684719235915263487573628914261947358849135762
46
0
9m
0.091113
031870020206013704007000000009000072315607000020090600900700100000080490070140208
431876925256913784897254316689431572315627849724598631948762153162385497573149268
47
0
9m
0.089423
010809063000600001600035200400391020050286007028704396701560934200903678096000152
512849763839627541674135289467391825953286417128754396781562934245913678396478152
35
0
9m
0.073557
189732654654891273273546189418279305920653408365184027706415892892367541541928736
189732654654891273273546189418279365927653418365184927736415892892367541541928736
5
0
4m
0.070283
000803000009001843001090760020100906000509080907060251790006010830010670056080020
465873192279651843381492765528147936613529487947368251794236518832915674156784329
44
0
9m
0.091328
529387416073461905610900378195020647238070591740519832060045280451298760982736154
529387416873461925614952378195823647238674591746519832367145289451298763982736154
15
0
4m
0.075045
859000400001004920030879050010200300000490081008001000080903000106000093002760000
859126437761354928234879156617285349523497681948631275485913762176542893392768514
49
0
9m
0.095583
001800453300270000059310078236700010905000047407501000160400000090007030000060021
721896453348275196659314278236749815915628347487531962163452789592187634874963521
45
0
9m
0.083757
300009070857000169906187002068403501090576023200010046003765080000000610000040035
312659478857234169946187352768423591491576823235918746123765984584392617679841235
40
0
9m
0.076516
863000002407038050195000073700020538580004207930780400600890000259003004308050960
863579142427138659195246873746921538581364297932785416614897325259613784378452961
39
0
9m
0.077813
106040020000109756000073040000050000003000600090300274004200007080900012051734008
176548329438129756529673841642857193713492685895316274964281537387965412251734968
48
0
9m
0.089697
403700002602301900910060003009038006100027584000040007560800001097410268001000000
483759612672381945915264873749538126136927584258146397564892731397415268821673459
44
0
9m
0.085387
009210000680040012300000400268031050100090208053820160096100300031004020820000900
549216873687349512312578496268431759174695238953827164496152387731984625825763941
44
0
9m
0.088528
040609030107800295398205064586002700402701050710006300050300970604190020023067010
245619837167843295398275164586932741432781659719456382851324976674198523923567418
36
0
9m
0.075702
189067230040305981502801047003006402054039876008502319300010024027903000861204593
189467235746325981532891647913786452254139876678542319395618724427953168861274593
29
0
4m
0.074581
083700000500002090090006030010500809700168245806040317020635070000000500040000681
683791452574382196291456738412573869739168245856249317128635974967814523345927681
45
0
9m
0.088896
007850062460001800800020000031208700009004501746010000000107950000930608003680170
317859462462371895895426317531298746289764531746513289628147953174935628953682174
44
0
4m
0.081681
300006104156400793240070650005020406004031589890000000060040302437219860500300940
378596124156482793249173658715928436624731589893654217961845372437219865582367941
37
0
9m
0.076306
008020600592000840000580932769245018004010705801973200087100523613702009400390100
378429651592631847146587932769245318234816795851973264987164523613752489425398176
34
0
9m
0.07631
090502100738096000001700006012307800007060013000981052100005400009000080020009600
694532178738196245251748396912357864587264913346981752163875429479623581825419637
47
0
9m
0.086995
067000900013209467005600000090025006700900500500800391000040038038001274270386100
467138925813259467925674813391425786786913542542867391159742638638591274274386159
42
0
4m
0.07872